00 00
7F 00
03 02
01 11
00 00
00 00
00 00
00 00
00 00
00 00
7F 00
46 11
00 00
02 04
53 00
54 00
29 7C
03 02
00 00
00 00
00 00
00 00
00 00
29 00
00 00
7F 00
03 12
00 00
00 00
00 00
00 00
00 00
7F 00
48 0C
00 00
7F 64
00 01
08 00 FE 00 40 00 FC 00 00 00 FC 00 00 00 FC 00 00 00 FC 00 00 00 FC 00 00 00 FC 00 00 00 FC 00 00 00 FC 50 00 00 FC 00 00 00 FC 00 00 00 FC 00 00 00 FC 00 00 00 FC 00 00 00 FC 00 00 00 FC 00 00 00 FC 00 00 00 FC 00 00 00 FC 00 00 00 FC 00 00 00 FC 00 00 00 FC 00 00 00 FC 00 00 00 FC 00 00 00 82 00 93 00 FC 00 00 8F 00 FF EF 84 49 03 27 84 02 04 06 02 60 00 01
00 02
08 02 70 00 06 02 78 00 05 02 68 00 02 02 28 03 4D 84 2A 04 00 E2 57 91 9F 84 82 20 E0 84 82 04 01 F0 1C 31 A0 F0 1C 31 A1 F0 1C 31 A2 F0 1F 31 A3 E4 00 11 A6 80 27 80 E1 F4 00 11 A4 F4 1D 31 A5 F4 1C 31 A7 F4 1F 31 A8 02 78 00 03 E2 68 F1 C3 80 67 80 E9 84 4B 03 27 02 70 00 04 84 41 03 37 80 07 00 80 E0 00 11 A9 84 82 00 E0 8E FC 04 10 F0 1C 11 AA F0 1C 11 AB
00 03
08 F0 1C 11 AC F0 1F 11 AD 86 A1 01 C2 80 27 80 E8 60 00 00 00 84 43 03 37 80 00 00 81 0D 00 10 20 84 51 03 3E 08 44 26 30 84 C3 03 47 84 C2 40 E0 8C FF 03 23 E0 10 11 B3 F0 1C 51 B4 F0 1C 51 B5 F0 1C 51 B6 F0 1F 51 B7 86 A1 01 C6 80 27 80 EA 84 53 03 3E 84 82 04 05 84 51 03 75 E2 6B C0 00 80 07 00 80 E0 80 31 B8 84 82 40 E0 F0 1C 51 B9 F0 1C 51 BA F0 1C 51 BB
00 04
08 F0 1F 51 BC 86 A1 01 C5 80 27 80 EA 60 00 00 00 80 00 00 81 84 A1 03 4F E0 80 A0 00 01 07 11 20 08 44 26 30 08 00 98 4A 84 53 03 75 08 00 30 48 02 CA 00 01 08 60 26 32 84 51 03 45 E4 10 40 00 80 40 C0 82 84 C2 40 E0 84 C3 03 5E 08 00 50 48 E0 10 11 BD 02 C2 00 02 08 60 06 12 84 D3 03 4F F0 1C 51 BE F0 1C 51 BF F0 1C 51 C0 F0 1F 51 C1 84 A1 03 65 80 27 80 EA
00 05
08 E0 00 00 00 80 07 00 83 08 00 98 6B 08 00 30 68 84 53 03 45 08 60 26 33 84 51 03 25 E4 10 60 00 80 40 C0 81 02 70 00 7F 08 00 50 28 08 60 06 11 84 CB 03 65 E0 10 51 C4 84 80 41 00 02 A3 00 10 E4 00 00 00 84 D0 04 01 84 A2 04 03 84 D2 50 01 84 53 03 25 80 00 C4 04 8F 30 00 00 88 67 03 00 E4 00 11 9B EE 64 60 00 02 D3 00 10 88 47 00 80 10 00 18 02 86 C1 01 9D
00 06
08 E0 10 31 C7 86 C9 01 9E 80 00 C4 02 02 50 01 9C 00 FF 21 65 00 FC 00 00 02 60 00 01 02 70 00 04 84 C8 04 10 84 41 03 67 84 51 03 6D 84 C0 04 02 04 80 91 20 08 60 26 30 02 78 00 03 02 68 00 02 0D 00 10 10 08 60 06 12 84 49 03 2F E0 80 71 A9 02 28 03 55 84 82 00 E0 84 2A 04 00 F0 1C 11 AA F0 1C 11 AB F0 1C 11 AC F0 1F 11 AD 86 A1 01 AE 80 27 80 E8 84 82 04 07
00 07
08 E0 80 60 00 84 82 40 E0 84 43 03 67 F0 1C 51 AF F0 1C 51 B0 F0 1C 51 B1 F0 1F 51 B2 02 78 00 05 80 27 80 EA 84 82 04 08 02 70 00 06 84 53 03 6D 84 80 04 07 E0 00 00 82 F0 81 00 80 80 07 12 BC 86 A1 01 9F E2 57 A0 00 84 82 04 09 84 82 20 E0 F0 1C 31 A0 F0 1C 31 A1 F0 1C 31 A2 F0 1F 31 A3 E4 00 11 A6 80 27 80 E1 F4 00 11 A4 F4 1D 31 A5 F4 1C 31 A7 F4 1F 31 A8
00 08
08 02 78 00 03 E2 6A F1 C3 80 67 80 E9 84 4B 03 2F 02 70 00 04 84 59 03 3D 80 07 00 80 E0 00 11 A9 84 82 60 E0 8E FC 04 10 F0 1C 71 AA F0 1C 71 AB F0 1C 71 AC F0 1F 71 AD 86 A1 01 C2 80 27 80 EB 60 00 00 00 84 5B 03 3D 80 00 00 81 0D 00 10 20 84 59 03 3F 08 44 26 30 84 C3 03 57 84 C2 60 E0 E0 10 11 B3 F0 1C 71 B4 F0 1C 71 B5 F0 1C 71 B6 F0 1F 71 B7 86 A1 01 C6
00 09
08 80 27 80 EB 84 5B 03 3F 84 82 04 0D 84 41 03 76 E2 6B E0 00 80 07 00 80 E0 81 31 B8 84 82 00 E0 F0 1C 11 B9 F0 1C 11 BA F0 1C 11 BB F0 1F 11 BC 86 A1 01 C5 80 27 80 E8 60 00 00 00 80 00 00 81 84 A1 03 5D E0 81 A0 00 01 07 11 20 08 44 26 30 08 00 98 4A 84 43 03 76 08 00 30 48 02 CA 00 01 08 60 26 32 84 41 03 46 E4 10 40 00 80 40 C0 82 84 C2 00 E0 84 C3 03 5F
00 0A
08 08 00 50 48 E0 10 11 BD 02 C2 00 02 08 60 06 12 84 D3 03 5D F0 1C 11 BE F0 1C 11 BF F0 1C 11 C0 F0 1F 11 C1 84 A1 03 66 80 27 80 E8 E0 00 00 00 80 07 00 83 08 00 98 6B 08 00 30 68 84 43 03 46 08 60 26 33 84 51 03 26 E4 10 60 00 80 40 C0 81 02 70 00 7F 08 00 50 28 08 60 06 11 8C FF 03 24 84 CB 03 66 E0 10 51 C4 84 80 41 00 02 A3 00 10 E4 00 00 00 84 D0 04 09
00 0B
08 84 A2 04 0B 84 D2 50 01 84 53 03 26 80 00 C4 0C 8F 30 00 00 88 67 03 00 E4 00 11 9B EE 64 80 00 02 D3 00 10 88 47 00 80 10 00 18 02 86 C1 01 9D E0 10 31 C7 86 C9 01 9E 80 00 C4 0A 02 50 01 9C 00 FF 21 65 00 FC 00 00 02 70 00 04 02 68 00 01 02 60 00 03 02 78 00 02 84 49 03 6E 84 41 03 6F 84 C8 04 10 84 C0 04 0A 04 81 91 20 08 60 26 30 0D 00 10 10 08 60 06 12
00 0C
08 84 00 04 06 E0 81 71 A9 84 82 20 E8 F0 1D 31 AA F0 1D 31 AB F0 1D 31 AC F0 1C 31 AD 86 A1 01 AE 80 27 80 F9 84 82 04 0E E0 81 60 00 84 82 00 E8 84 4B 03 6E F0 1D 11 AF F0 1D 11 B0 F0 1D 11 B1 F0 1C 11 B2 02 A3 00 1A 80 27 80 F8 84 82 04 0F E0 81 C0 00 F0 81 E0 80 84 43 03 6F 80 07 12 BD 02 C0 00 00 00 FC 50 00 8F 00 00 11 8F 00 FF FF 84 58 04 01 84 C2 04 00
00 0D
08 02 C2 60 00 84 A0 61 00 E0 20 00 00 00 FC 00 00 40 40 A0 00 80 00 C0 82 08 FC 48 3A 08 FC 18 50 00 FC 00 00 E0 10 00 00 86 A0 41 00 40 47 20 00 80 00 C0 83 04 E0 3D 1E 04 80 11 E0 08 44 26 33 02 CB 00 10 E0 10 40 83 08 00 28 21 84 CA 61 00 80 07 00 81 0C E0 2C 09 84 CA 21 00 00 FC 50 00 8F 00 00 01
00 00
7F 78
00 18
30 00 00 00 00 00 00 00 00 00 00 00 00 00 00 00 00 00 00 00 00
00 00
7F 78
00 1B
6C 00 00 03 80 00 00 04 00 00 00 03 28 00 00 00 00 00 00 00 00
00 1C
08 00 00 00 00 00 00 00 00 00 00 00 00 00 00 00 00 00 00 00 00
00 00
7F 78
00 1C
1C 00 00 03 30 00 00 00 00 00 00 00 00 00 00 00 00 00 00 00 00 00 00 00 00 00 00 00 00 00 00 00
FD 00 00
00 00
7F 78
00 1C
3C 00 00 03 38 00 00 00 00 00 00 00 00 00 00 00 00 00 00 00 00 00 00 00 00
00 00
7F 78
00 1C
54 00 00 03 40 00 00 03 48 00 00 03 50 00 00 00 00 00 00 00 00 00 00 00 00 00 00 00 00 00 00 00
FD 00 00
00 00
7F 78
00 1C
74 00 00 03 58 00 00 03 60 00 00 00 00
00 1D
08 00 00 00 00 00 00 00 00 00 00 00 00 00 00 00 00 00 00 00 00
00 00
7F 78
00 1D
1C 00 00 00 00 00 00 00 00 00 00 00 00 00 00 00 00 00 00 00 00 00 00 00 00 00 00 00 00 00 00 00
FD 00 00
00 00
7F 78
00 1D
3C 00 00 00 00 00 00 00 00 00 00 00 00 00 00 00 00 00 00 00 00 00 00 00 00 00 00 00 00 00 00 00 00 00 00 00 00 00 00 00 00 00 00 00 00 00 00 00 00 00 00 00 00 00 00 00 00 00 00 00 00 00 00 00 00 00 00 00 00
00 1E
08 00 00 00 00
00 00
7F 78
00 1E
0C 00 00 03 68 00 00 00 00 00 00 00 00 00 00 00 00 00 00 00 00 00 00 00 00
00 00
7F 78
00 1E
24 00 00 03 70 00 00 03 78 00 00 04 80 00 00 00 00 00 00 00 00 00 00 00 00 00 00 00 00 00 00 00
FD 00 00
00 00
7F 78
00 1E
44 00 00 04 88 00 00 04 90
00 00
7F 8C
00 0E
5C 00 A7 26 4A 7F FF FF FF 00 20 C4 9C 00 20 C4 9C 00 00 68 DB 00 00 D1 B7 00 00 68 DB 0F A4 A8 C1 F8 59 7F 63
00 0F
08 07 FF FF FF 00 00 00 00 00 00 00 00 00 00 00 00 00 00 00 00 00 2F B7 E9 00 5F 6F D2 00 2F B7 E9 0B 1E 4F 76 FC 23 05 54 FA 41 20 5C 0B 7D BF 48 FA 41 20 5C 0B 1E 4F 76 FC 23 05 54 00 04 81 6F 00 00 00 00 00 00 00 00 0F 3F E5 C9 F8 BB 98 C8 07 FF FF FF 00 00 00 00 00 00 00 00 00 00 00 00 00 00 00 00 00 04 81 6F 00 00 00 00 00 00 00 00 0F 3F E5 C9 F8 BB 98 C8
00 10
08 00 89 A0 27 7F EC 56 D5 7F FC B9 23 00 89 A0 27 7F EC 56 D5 7F FC B9 23
00 00
7F 00
40 00
00 00
7F 00
7D 11 FF
00 01
51 05
00 02
19 DF
00 00
7F 8C
00 01
2C 00 71 94 9A
00 0A
64 00 80 00 00 00 00 00 00 00 80 00 00 00 00 00 00 00 80 00 00 00 00 00 00 00 80 00 00
00 0B
08 00 00 00 00 00 1E 5A 84 00 1E 5A 84 00 40 26 E7 00 40 26 E7 00 00 00 00 00 00 00 00
28 00 00 00 01 00 00 00 00 00 00 57 62 00 00 00 00
00 0E
5C 00 03 69 C5 00 EB 8F A8 00 22 1D 95 00 03 69 C5
00 0F
5C 7F F9 2C 60 01 EB 55 AC
00 07
64 00 80 00 00
6C 40 00 00 00 40 00 00 00
00 00
7F AA
00 01
30 00 01 0A 7A 00 02 14 F5 00 01 0A 7A 0F 7B DB 58 F8 7F FA BE 00 01 0A 7A 00 02 14 F5 00 01 0A 7A 0F 7B DB 58 F8 7F FA BE 07 FD F9 62 F0 25 7A 1B 07 DC C4 C6 0F DA 85 E5 F8 25 41 D8 08 00 00 00 00 00 00 00 00 00 00 00 00 00 00 00 00 00 00 00
00 02
08 07 F7 FF B5 F0 4F 8C 33 07 BA 32 37 0F B0 73 CD F8 4D CE 15 07 FA 6B 45 F0 68 C7 1B 07 9E F0 FB 0F 97 38 E5 F8 66 A3 C0 07 FE 8C 9C F0 34 CF DE 07 CD 94 FF 0F CB 30 22 F8 33 DE 65 07 FE 73 DB F0 38 93 60 07 CA 38 AE 0F C7 6C A0 F8 37 53 77 07 F8 C1 BE F0 88 CB 7D 07 82 08 A9 0F 77 34 83 F8 85 35 99 08 00 00 00 00 00 00 00 00 00 00 00 00 00 00 00 00 00 00 00
00 03
08 08 00 00 00 00 00 00 00 00 00 00 00 00 00 00 00 00 00 00 00 07 EE C6 B4 F0 22 72 97 07 EE C6 B4 0F DD 77 9C F8 22 5C CB 07 F4 93 76 F0 34 67 AD 07 D7 AE 5A 0F CB 98 53 F8 33 BE 30 08 13 15 CB F0 0E B9 1C 07 DE DC 2A 0F F1 86 85 F8 0E 4D AB 08 00 00 00 00 00 00 00 00 00 00 00 00 00 00 00 00 00 00 00 08 00 00 00 00 00 00 00 00 00 00 00 00 00 00 00 00 00 00 00
00 04
08 08 00 00 00 00 00 00 00 00 00 00 00 00 00 00 00 00 00 00 00 08 00 00 00 00 00 00 00 00 00 00 00 00 00 00 00 00 00 00 00 08 00 00 00 00 00 00 00 00 00 00 00 00 00 00 00 00 00 00 00 08 00 00 00 00 00 00 00 00 00 00 00 00 00 00 00 00 00 00 00 08 00 00 00 00 00 00 00 00 00 00 00 00 00 00 00 00 00 00 00 08 00 00 00 00 00 00 00 00 00 00 00 00 00 00 00 00 00 00 00
00 05
08 08 00 00 00 00 00 00 00 00 00 00 00 00 00 00 00 00 00 00 00 08 00 00 00 00 00 00 00 00 00 00 00 00 00 00 00 00 00 00 00 08 00 00 00 00 00 00 00 00 00 00 00 00 00 00 00 00 00 00 00 08 00 00 00 00 00 00 00 00 00 00 00 00 00 00 00 00 00 00 00 07 EE C6 B4 F0 22 72 97 07 EE C6 B4 0F DD 77 9C F8 22 5C CB 07 F4 93 76 F0 34 67 AD 07 D7 AE 5A 0F CB 98 53 F8 33 BE 30
00 06
08 08 13 15 CB F0 0E B9 1C 07 DE DC 2A 0F F1 86 85 F8 0E 4D AB 08 00 00 00 00 00 00 00 00 00 00 00 00 00 00 00 00 00 00 00
00 0E
6C 00 85 C0 8D FF 02 2B 75 00 78 BE 6E 0F E2 46 F6 F8 1D 0E 9A
00 0F
08 08 00 00 00 00 00 00 00 00 00 00 00 00 00 00 00 00 00 00 00 FF FE AA C3 FF FD 55 85 FF FE AA C3 0F 2F 01 62 F8 CB A9 A8 07 98 D5 EF F0 CE 54 23 07 98 D5 EF 0F 2F 01 62 F8 CB A9 A8 00 00 38 E4 00 00 00 00 00 00 00 00 0F D5 55 55 F8 2A 71 C7
00 00
7F 00
30 00
60 02
62 09
4C 30
03 03
00 00
7F 00
78 80
00 00
7F 00
60 00
64 02
00 00
7F 00
4E BB
4F B0
03 03
00 00
7F 00
78 80
